2011700521
713878633
2010753606
1991504698
749486210
2001531600
2011457202
2005885944
2001198978
1999585355
2002427544
2003672301
2002075681
1995981564
1995337890
1997443263
1995310722
1992664557
1997460179
1988491945
1985891947
1982138834
1980405048
1982066521
1985153160
1986160411
990668890
984196486
981484303
987527362
988454757
981453925
988690134
971620509
972909273
764617959
771180889
893153237
978885161
994096872
947957171
987867941
737535139
568857491
471760334
544733895
39198298
54539822
11293552
972205624
1990986974
427261297
466498446
81577640
480058453
733782317
449077113
68789873
310320591
450654303
716491838
306397077
308213605
591585623
870863132
567162918
739071258
401980699
685807
426181886
715276129
998121738
988457821
959795218
994877328
969129557
14481927
1987589980
979138926
6709155
553129694
362391732
815573174
908252389
2000189542
1996497336
768704786
723843404
64579360
38920983
427004508
62940127
9024830
325779357
5967964
978428671
327180503
574892459
976910468
37831387
48373651
527086339
330368217
374371974
52572476
498708023
960236774
514947114
133465711
907602836
519118660
27452505
124590579
65415757
523667940
810692619
1984344454
993950842
126580807
381412028
691524512
409989146
426670663
500765335
11329527
46455352
101743246
318399309
960210186
768288955
742242188
9853801
316965123
524357723
434357376
437420796
32109106
67237565
149924078
482855188
371189515
122202448
874111799
963925587
13135301
75890717
387556288
378324005
435679464
111221399
864112683
771042656
628954650
27179659
469270959
395010800
936488795
936210220
1990048628
941306349
387465322
907524219
111694083
900256312
1993265322
1995377459
993143087
979331460
393920673
941968387
1992534206
982508037
709695324
863987638
711363882
893126993
1978937774
932808152
56635143
526136376
530337273
110759778
490929381
381017247
387126027
2003824512
892112238
131075817
997492845
884305905
988320960
307496834
630753154
569540260
456257645
30454387
161319745
378213166
470714265
464274044
555508746
971350069
4004771
115836920
144281421
698720887
493600449
391466897
649172031
147871860
47375895
505744156
118029460
501486126
602020189
414942133
827063613
1979088644
455531058
746872
652896084
54886954
6099647
70367419
647627446
569082276
70503739
20651060
330987127
501419209
145479749
48820937
524514071
78714550
732346026
406356708
86256719
395834000
533854384
24273431
448443836
881671135
994624518
874866735
10080987
32908515
13454597
695475651
61682542
9922960
435779451
135666201
431418008
550994494
531321323
570313365
322584918
380558504
140040348
922791900
428814313
621919493
8605675
156934569
820969038
1202317
375779419
402924168
728214053
470007331
98723454
721576845
150014278
16235729
618706112
4985227
115838287
171037362
959682389
961960686
815399440
129627424
989824732
819968635
10277344
109199440
316338663
13316467
547066602
17307925
817351430
697601210
86784634
69325611
872944152
963797864
820195717
891553865
826721715
472730790
624864452
543906390
425866195
752674491
831845871
870345890
407627907
68327310
490354714
7812987
70370267
974763910
643375011
997657157
769925042
535269823
562901306
427903663
889690843
946166045
637947405
467170498
799612157
112670699
909747538
692741160
513080561
934168873
462019397
578339895
928593799
547979881
492142281
19626851
117377955
651468073
76301628
12442633
73146817
537560779
34396945
143543126
380350782
308313843
583897738
405248253
619070815
9859773
152127995
47235271
4414753
44088059
150242919
522634937
25949471
483361470
460655470
422717866
406150386
432595435
876012768
782861251
29922444
7160400
37559024
327649385
36759611
37908528
55460066
763203574
373824449
426463828
25155243
573061562
487343460
819184135
316223640
704540288
139308391
3927615
718799878
614796486
374760245
963463438
969862275
979850767
926023274
960253844
162416681
451727736
562428786
405270079
394173309
22532756
91250837
959475356
987409697
379122555
642349105
48312060
36134183
1985399911
741589344
308044604
31339932
638586472
65064221
420891654
497536737
460087266
395384909
139567105
117581880
99420896
18811091
479166638
762039446
403836874
81005709
370788965
573981388
431178227
628134674
381941597
538828743
127416964
830053193
643560279
995601283
989042850
947951523
10602549
9673115
454633539
635622453
110943637
606298997
390353520
400935364
380123270
718150897
98765721
924680166
984577647
873837140
919571887
44528370
66686637
70309457
699197900
141498210
66975091
374861893
419074064
784142472
874336524
598782269
467086336
120752027
467902883
551902217
987454579
597791392
637652108
590020035
46058774
395674930
946585743
782423507
923926482
128704561
614893115
519332769
463308035
157687709
385295756
40573725
95287132
70198659
33856235
24952131
762784040
706278522
544570007
525916584
593620170
467709945
325303968
94655689
2005727952
131149502
173448878
962637148
967424776
115952019
450973012
450908263
132985305
468276418
738106216
4093734
25247279
438791966
970928194
90195349
151402702
42605036
578942452
779135629
530588647
502236318
547087584
465457841
90708440
318615045
473423530
43787433
29758820
740371606
365926895
130564118
123686047
700764226
925845034
627599430
112499370
529593341
777948421
156126192
749281433
466989996
995602833
785586497
636503109
717226150
26398957
467725793
614800704
143227648
79368613
10965802
712244917
416230424
980121410
935989565
785317069
599992837
750755428
385247070
409812076
406861222
126484410
170564778
34032178
400696775
394978214
112876312
20715857
9211973
518008947
7037275
8817525
19470560
99450508
140307735
145948062
867455995
694577447
533896713
123243715
39477061
6445690
42763832
780465601
315493008
438569355
546428963
34594866
6432781
727047864
8781751
391125700
638702748
697953334
367397890
413285752
552290021
85408876
73738480
310370425
4263174
700243711
47436522
47294047
18327338
404196295
157853227
71508193
422392659
409749870
1979196947
121802597
133798623
508574324
498184212
564638266
392753460
118321798
460226630
593590620
768047050
40295027
462831895
147740441
8570303
6553233
34585349
569976646
442971348
428565464
100712280
745157781
830724814
818802489
757835855
702427005
77846029
703565786
102501130
736935315
603283594
707860342
96490109
403368197
616406715
446398953
47440372
629287734
327285024
467745845
110683335
79726968
53950976
406007748
137963565
6688987
396532082
45308896
628890874
368474854
465473109
488270419
104178938
595700084
42158678
310719068
585454868
7099500
555314291
55582512
870172144
47931904
580547450
312426203
109415187
42616171
468408068
161447344
564066304
699341912
442197184
692659541
757381744
409434667
584365345
383483122
168314790
24829500
413314847
60603328
50935786
24563685
6522086
51245750
401751106
802291691
370120
56345021
629574941
750259340
150077840
376243896
47339676
310970433
607138638
637870799
827912183
954645801
24126760
443376884
370905304
904161835
753937740
813775157
450753381
443527792
81763152
122527136
375020318
80894478
169929085
119606277
483665320
109423794
42809290
817197703
36955677
931573341
132717364
806728741
142599183
60231144
136747439
644625710
51137859
16253538
37717981
876511548
33913669
97205127
706474459
799096909
408208201
709196925
156082578
58624968
127217642
617728052
1379019
712675123
149462216
108384918
706224287
44344485
11639171
27923477
995535061
41163010
727240724
475787237
318089805
953328802
1987811312
421623277
150011888
595943545
608625750
782708410
1988334422
982152374
2011700521
713878633
2010753606
1991504698
749486210
2001531600
2011457202
2005885944
2001198978
1999585355
2002427544
2003672301
2002075681
1995981564
1995337890
1997443263
1995310722
1992664557
1997460179
1988491945
1985891947
1982138834
1980405048
1982066521
1985153160
1986160411
990668890
984196486
981484303
987527362
988454757
981453925
988690134
971620509
972909273
764617959
771180889
959682389
961960686
891560327
936488795
892112238
387465322
698720887
117377955
547979881
651468073
799612157
112670699
9024830
947206539
909747538
637424692
946166045
637947405
505744156
922791900
553129694
467170498
519332769
463308035
157687709
308313843
583897738
405248253
974763910
362391732
643375011
928593799
492142281
1987589980
630753154
569540260
5967964
39198298
27452505
115836920
624801548
48373651
741589344
363086499
724243241
466498446
81577640
480058453
54539822
11293552
989628977
960236774
524357723
691524512
409989146
426670663
544733895
66735851
189848
723843404
64579360
38920983
310320591
450654303
716491838
979138926
6709155
973365648
971456168
961796549
940562200
513080561
9458173
308213605
907602836
519118660
426181886
870863132
715276129
567162918
129627424
490929381
401980699
56635143
526136376
530337273
70507737
437420796
482855188
371189515
978428671
327180503
574892459
27179659
469270959
395010800
9853801
316965123
934168873
462019397
578339895
13135301
75890717
387556288
527086339
330368217
768288955
378324005
435679464
568857491
471760334
133465711
126580807
131567958
602020189
37494912
88138093
709695324
711363882
874866735
976910468
37831387
498708023
514947114
972957620
565917744
486297333
952302785
864449095
517820102
513844390
941306349
972205624
782861251
414942133
406610135
359729137
501486126
46455352
101743246
318399309
902159448
755117361
2002747492
531263785
388041158
307496834
109220141
876012768
1994563364
995207222
131080977
869804816
97951225
815573174
820969038
692741160
643619335
127778867
756027780
37530520
886424574
401477054
460957710
645802809
889035268
884976631
124590579
65415757
523667940
529718943
696810347
746702084
917351372
747869100
484338592
533854384
24273431
609281894
632174972
1984073701
741165950
764084524
413314847
646705478
108055
521636766
733782317
449077113
68789873
702564125
812007050
330987127
813775157
805407063
50908464
522080532
381412028
564141964
556503683
532352288
135876188
10512183
982508037
863987638
369691744
109099383
24829500
149779798
830249100
893096321
505484127
576927891
433272202
500765335
11329527
551869937
57892709
422850794
32109106
959475356
130904871
909077343
445864729
110555408
67237565
149924078
378914457
132717364
389272119
365977262
757381744
878498021
622595672
701561567
637870799
426341835
430657150
373824449
307178914
435660070
745475849
172842792
823955752
385742384
493600449
391466897
799096909
948090197
396579713
584365345
817197703
608398566
702453759
122527136
321046377
949406201
941309012
569815307
745510353
929812432
436692330
643298683
819968635
738131371
469384636
642475802
731386943
994096872
737535139
719143373
422392659
548479827
727240724
993143087
875916165
768823818
768047050
911503091
154037251
717773968
130158361
626186882
739981123
936655182
782627309
574982991
915388761
833520159
909866197
974213541
780350188
396532082
574828225
409387125
158010361
110759778
608280925
606298997
54663418
163664981
627263670
825852941
879522836
810925452
698058301
980121410
882990128
4004771
590330982
3777071
93317656
918228156
798130521
869583062
832894031
479945489
85947905
88707714
14481927
503077492
431366135
473384281
26089612
935989565
884480907
732688183
987454579
580609099
564066304
534371524
359883974
763203574
49105798
80767017
543282276
122314768
474568824
567265828
533582963
954645801
581448731
325779357
70469747
973697457
59536235
82465102
715979722
958620006
144281421
450340160
419482227
635622453
539013180
171247463
868565777
723185970
867481448
162416681
543021931
539755319
140448739
136039685
49323325
45527336
127217642
460548685
69207550
23023674
864112683
963463438
644209947
5115580
629408007
960210186
742242188
952946527
98329479
549022460
79731604
306397077
805199918
826721715
827912183
408208201
374425970
4634638
822999541
808000730
95170863
96370090
102354335
578187
469601686
391551288
464455067
64187842
752937801
522800497
407627907
324262761
524464116
314261715
773368669
49883523
47436522
321067265
140354095
652619224
432874531
550994494
773961621
109193316
21742464
111221399
941968387
137787209
698171803
720255838
697953356
58356423
171037362
97176184
147740441
459023765
420455088
509979445
806728741
625214691
378202780
110943637
484100781
759896827
951782389
313138840
563784917
316662402
441072761
707860342
96490109
403368197
150011888
595943545
144407273
1988334422
982152374
498130705
81775445
6313689
504347934
727047864
106135633
400299453
31421765
704676191
430064970
517605123
56082706
84571482
55896733
57787520
327110943
37702011
707283621
4725774
569216680
960253844
94509217
575086210
91153194
371748761
621353678
56345021
152960191
758685273
466161507
927743851
716000685
898072985
2003470063
925845034
638586472
65064221
145417810
995601283
1994640535
450973012
518642555
389123365
467058152
763507776
967260925
778336559
310370425
997657157
446621803
421623277
370518841
107311534
962766274
973153906
954194510
919939187
946995803
312734124
117586346
118321798
897871700
312032819
448824470
509211932
2096362
70204361
98272547
765260847
84294776
961091458
833779180
44344485
11639171
718150897
635041630
509355535
627599430
824754853
95708395
772031667
599010714
910545589
310970433
524493843
651234069
771276185
891553865
63030569
736534910
492446187
440561933
784142472
649425350
720342644
323001404
646914244
505379935
995602833
916628251
954297462
693545240
757835855
109393127
785586497
912256078
705664117
602331811
635816787
890846689
1984119383
586302582
624227222
995519389
762784040
870345890
68327310
898651383
582318186
984474217
415891731
365201155
308388512
559133231
58897393
31725232
315493008
959727090
689478660
769925042
535269823
562901306
870172144
85234039
951516501
964651991
548864384
34396945
143543126
380350782
2003824512
605984711
315709371
764125
366828050
706224287
819618896
6683129
368529707
379025025
162195154
170333550
629287734
517438933
768089183
435779451
135666201
431418008
610638719
626869951
903244993
419023745
523354768
974144510
930103042
577538964
448547731
588661675
456257645
30454387
161319745
376527689
522605919
904153231
155312250
128652036
435922206
711438670
739767655
92453631
406061913
919620061
559992539
898900637
733122887
718799878
614796486
713137778
81005709
76301628
12442633
390353520
108951661
71277784
133270609
732374000
558583017
545780979
736959947
396192043
580251692
80526463
158866073
874336524
50624594
112515886
101976951
172872876
451727736
562428786
405270079
4288609
107632684
59342330
483361470
460655470
422717866
406150386
432595435
881367835
521679683
638509345
702998357
595319068
10965578
537560779
800738301
137903001
409506930
509017830
374760245
936210220
133619338
437712513
750115024
697072078
112863472
554428500
694597332
473050834
123900641
125232439
372358589
1986317633
889575738
786956365
819433145
1990048628
42586410
889769859
704718426
518172047
510985773
144854471
510632027
914087134
423484845
573886250
754024661
771042656
552661240
455531058
573061562
531321323
827063613
758849595
818802489
888373875
519258778
969372299
987867941
156934569
375779419
894885666
447829775
402924168
980340460
874111799
442893924
390749427
75105617
63516545
112121836
159969249
411573539
612530993
690439050
473704111
594311824
502337588
624864452
900256312
893126993
872944152
10475577
1992534206
1978937774
924521582
35421507
107836351
102887037
113273262
465410332
489687203
884305905
975781757
980513990
981912538
10277344
109401979
978885161
10760412
696033939
753248642
152525057
547279525
108982230
91763161
26276697
932808152
943001246
949429627
934626097
954607475
956061236
649521392
10508758
79769344
136850553
512906960
704472404
892909871
976668913
988938560
559833723
128797633
361510254
67376771
121982657
952169293
961246075
331258256
324606357
433483574
11136129
2013728
11170270
41857078
32053475
316513027
612488988
96691662
102962275
11808145
25285772
152159358
71477728
451539542
691394551
877487621
732346026
150242919
161751186
1193932
30442126
510458260
394978214
558715249
446607495
98493642
311321242
647015464
143377987
369247321
21501095
325689121
28878648
82128626
18852079
529509117
417277737
479466108
163574354
622954530
101117801
4614050
820195717
128322090
38402128
368693671
323445063
447749676
73949887
103000095
170360174
4986211
474293997
356608
74818867
540927081
367207764
452257988
71856926
21062135
6256099
465439109
472814594
542494396
39464543
29555673
44746601
65857996
26217385
102448286
898418144
70542533
105313662
476327243
109494353
560272682
138125601
33721703
431249464
110621541
48014350
59834093
721273
53130610
144346600
112910033
548303429
518135775
123930736
864160650
652750232
110501732
435648025
81180056
407139429
437457370
119105519
554472016
128472523
109317599
724741925
113601138
332018513
117033896
18132244
528579579
103651551
22725886
386879965
421492315
521443776
59225649
85812050
28585276
95757965
537528360
312888169
83356108
831845871
155514687
33945294
444447122
3464366
7015745
3396384
4630131
154968080
12257674
433760037
124858165
995535061
600710579
6900815
1993905697
30530692
79388348
8649371
3799411
102040566
512953021
554514115
88337987
154728206
521509812
817351430
412318
402213869
618706112
9425101
69860949
884091743
780425216
886290158
44296026
35910919
383608530
36875396
5806310
698586707
372413735
539615601
745384161
111983048
50666284
78529193
695655588
971762458
644598507
41746229
68866656
65990569
114559085
36951120
385697425
7568299
6615852
726574473
8933300
451847948
9386834
916849757
721461724
20522413
315023130
16594247
392802040
115778315
1397908
398923102
518937685
74030116
3592026
632861924
630781402
310203928
3448366
991583544
491083188
420182616
387873634
414425269
50142001
786116168
371698307
941303759
1983327489
6485013
69503773
159908000
160160070
492156473
435591496
129357195
10032924
311099508
889374638
66913802
6606696
96762161
376048223
63729015
439815944
508747481
77653708
96567396
20875307
868900046
455886590
362330073
446520527
70535726
9679924
38672607
21912398
471736095
311254132
366556292
1988744971
605994892
419511095
499030965
434357376
9440375
79448898
3455235
890632496
910090420
891110122
909985940
768948803
140631325
387894343
36759611
37908528
55460066
64018973
590401501
504651672
327290519
8399436
904161835
948240393
545639029
761844138
871421860
641373702
104716113
722586115
608625750
931573341
585756902
155744242
361769792
596194206
130800738
69645758
595719923
924680166
984577647
768856388
70198659
33856235
24952131
331726857
51407995
483665320
158064022
74193600
331231206
63946017
374982283
142263133
382097479
13245572
38370318
59932105
170534001
42839365
103145853
61046922
785030678
379386925
544958610
548925540
561400311
428793673
554816303
398537352
97389626
117480708
48306129
9300838
509022042
444476014
552290021
162655715
833455476
485401317
31595333
371278597
460150237
619147026
1996497336
29153468
22868995
534578
581151846
122260748
394175815
51779668
396408521
31381276
4561475
75531717
414075749
145265635
402932994
413476459
72359266
602872360
328115498
749368719
568208929
312647951
910496138
391527618
155604122
725658540
118629423
558925036
520012542
442277078
7479389
42918339
696049140
40330481
526238949
402572086
126663632
532522957
162431163
42682292
868378990
110840077
114334415
819184135
884723272
85144631
11791431
117581880
781200517
367649303
29537916
620746578
386299914
39328480
402816419
139365375
151948120
74728677
648593935
427730060
449545636
65321097
401979598
872605017
558089867
166752369
383782159
449458453
456279346
451977150
324494105
429582853
15135838
441299827
452622880
712675123
578097994
953328802
63712888
79053397
1986252081
104007761
120701705
34783056
100512940
359821327
158910495
549787804
119357764
537874161
440261829
371826764
636015704
492641343
532648027
27435097
56867442
80268116
405265796
9345473
136374548
135990012
1984937420
720565761
49083780
693080470
122637046
534967181
863497303
952334741
953012012
442729148
328794121
532611126
591167998
143383686
421673047
7257997
466911219
100043809
149078863
619547371
59903065
318936573
20156708
155989543
48820937
7944804
9917097
363441634
3910814
123248535
92581909
490003420
96672443
14300127
109199440
374961279
523999995
4985227
29922444
7160400
534516707
10090961
501419209
815399440
749281433
380558504
322965845
145018529
460100204
60603328
29348015
598782269
947838085
895068917
801517487
42117633
10080987
9211973
522634937
13316467
25155243
490354714
44088059
409035754
553964244
150014278
621919493
534293326
48476610
6099647
70367419
613703937
748209731
121000390
746872
4093734
25247279
691369755
579134704
78927456
406356708
823308052
69325611
879101411
886286691
472730790
699197900
965365245
981322270
818424215
323182894
131075817
8605675
61682542
9922960
1987349387
77230211
619070815
7812987
427903663
547066602
570313365
322584918
697601210
718388899
882752365
639768443
906433839
98822987
133125549
994624518
531327821
971186987
964706384
976038728
81852911
48711992
145479749
963797864
308044604
937492246
589864631
109579512
709435407
875778492
2006243781
82933914
80992608
740927703
393926287
13454597
743379258
906065591
110252815
31844833
359922361
135939077
83144842
485948282
510256889
537268589
694126259
609674498
64865656
439119477
549951853
431938656
754586542
435129091
477926941
7724925
35231998
653159754
542733323
66641056
427030153
391505538
933816136
568571421
762039446
403836874
128045614
820352290
53612878
720767876
115952019
450908263
113521428
120892011
508363641
39477061
313812113
611901364
29771372
124069600
56579428
100468911
37923925
907057731
59157901
439169144
882163344
703715735
539726025
708123127
869152434
785317069
719783161
867813794
969129557
79424718
952531776
869865740
530243349
901328060
382890161
641302260
414608489
4055100
160458248
922173359
863632877
914759464
85535559
89811133
309757574
951824590
993512283
489794187
553571661
443816381
934346789
646729468
945991990
922234348
427004508
157550762
437894705
161293404
560221523
8085286
867990102
740681814
780886768
128698308
153258291
109188910
56863591
471853885
958650441
895149089
652762973
424390345
63466894
126418070
715831577
807248989
41163010
466248215
480020187
527698501
491998545
420961430
17667056
137027314
88594008
953330050
59888349
885734631
133598304
27923477
946585743
985612664
802987239
753856131
370706693
909383181
508411544
754317205
1984588365
420852291
394605020
438070234
8171911
21201037
820084317
39690341
863942856
603550512
501376931
495265007
458846181
397246901
427052162
610900391
31530770
360597414
550853768
444918292
311803524
359629499
730705552
625527327
636503109
173781294
416428166
818391300
101130623
473717422
146896223
162011616
447968498
580333999
51752607
742830574
170054814
322173313
634167180
695389522
532364524
770328380
787086674
401025017
308409251
80317792
105455344
969187539
916136500
392109198
78625621
1982674068
623043667
975244832
3510138
91554941
58635415
163680429
420638017
141808781
830053193
866344230
979850767
815721052
691077580
499653630
537721084
465651577
906460477
112136328
643560279
80252176
2216280
8601834
404839087
895149320
307199364
564502204
500784456
710865932
1979245389
377126638
712491491
315297469
431026847
705489736
141287854
117429667
307592533
554698028
485638418
161079022
897596807
446011003
562707230
378700278
168061514
689196577
993950842
544284145
810692619
646308967
387126027
32409277
374371974
91344552
136648824
445557179
433179914
20468728
8338888
71723722
7601995
86393043
400696775
393291862
527595428
330493099
80728076
51406723
908621883
954977787
133981429
600172356
518641339
748677206
485375723
414619455
421767253
388406296
574938785
426241240
110355653
57064339
4358696
975814233
561456159
29799941
721675563
435471497
330857706
544229774
67736162
120131402
478503105
478061855
310209342
381320361
101310448
84564978
115592655
8581886
823754244
369583813
488409970
102656381
391553133
150507949
88156914
494898663
320747879
46691279
8053706
1979422516
934273781
533896713
124092915
141663003
97494287
331135702
162922574
146501357
938106554
587468955
103615850
376529297
945077147
111053239
709318156
601150592
630516340
720050737
54335458
24797938
819448160
981751106
332154102
748394076
958315864
65021179
577435944
131368017
1997671797
869163400
99292343
127213262
539834205
645384312
989724781
636966679
591585623
779135629
757846944
93860659
745776635
1984086514
535173352
88070846
159790332
927588208
734249558
617728052
415439236
152550473
141643297
106104640
86850836
800314623
1991990823
155900119
111293528
112826088
11037211
94007
38475384
116760200
22910855
331644806
1982641697
749895245
402296274
96814192
629837218
864932671
368767710
10989091
77875184
933900516
720362063
455397987
553440369
47424398
6960944
35597683
151438098
886522940
5024238
19090088
129968941
99683852
172595349
817989206
92902546
79429886
884989224
487093035
141665586
56704160
15590742
415844647
65155075
64803084
16771453
97699874
636108992
165111532
234020
54811098
394173309
489905637
648380868
91078673
64329234
629161717
155115296
89484713
381342987
713161457
422288194
873255929
915088767
26988355
58011924
810246568
625095498
144368982
451563958
458329079
32861001
390783436
374516933
329942862
392910518
407589728
38882934
978386672
952877347
141759366
108195850
465977205
375066747
84240133
878168749
628607407
62071817
718085606
416250433
379961672
982536005
652896084
399864992
771047352
96683780
698467561
571472932
26533793
972866018
13151383
80322605
51114552
409933862
95750701
776726975
736058821
97756507
38782486
79963201
716136265
110328076
557830857
38893711
94476620
632580864
817778516
8480256
881496868
631511657
49084474
20625093
413405312
435881276
93479262
400986046
126842080
430933124
773044235
634770807
312076679
816314897
1993265322
977791512
949255812
360951884
698909775
645175245
739071258
738233758
505926603
512439515
30776783
692767517
446829982
631862821
119285424
975132842
521426569
43334765
245764
555190595
317364642
907524219
926296162
969862275
110459831
544674189
99801376
730169626
706575863
953925272
700814566
600078166
901430549
458978063
22944324
531980086
414639187
326154646
405000956
554189814
639748708
810334934
771076371
702661940
408993779
554860258
907446361
554846241
564252149
559365679
490599000
456369761
533197318
4129079
504557355
712749393
704502140
105451029
11020119
161356054
138845067
21488740
101235418
74068767
77497542
113673828
127642752
96266235
511406168
602832877
612671997
172889813
430796492
119900617
475175791
724324278
448443836
747977586
83455454
317246249
9441723
106877805
88074420
3746795
555508746
83309600
730925131
580547450
79556590
110523280
955143882
483888014
59373897
115362605
1991462879
595711392
409007561
760715885
779871756
706438868
571642359
465596578
545839384
3616955
695671225
102445100
31385342
603589032
432058215
462045061
328984968
115900031
378213166
423477326
965267769
837456
96425801
400917912
69086981
100747671
1991824638
37256483
719927996
562512014
799449717
813233028
827962180
47708436
624541320
375227876
104670703
925540826
989042850
896141583
395454821
439894840
530249063
146019296
769722306
384232342
1689262
968853051
391125700
116746576
581405341
750259340
365383154
310228087
154661808
111526602
308905952
374034383
431687469
83344606
554262941
514572675
123243715
497292717
989856172
988552021
798436505
634461251
144236857
15046759
419653053
169303814
151469241
735102146
625699753
391829760
461665167
717158195
11025839
111694083
99875716
710680219
542465308
101354498
98827914
883826039
933067125
369994855
459944247
464447931
882533652
83146007
158282768
806075587
7157963
605797347
32643481
26222302
586503656
463555581
419881898
542601770
735236060
804365247
49639286
711072
106739449
448716750
638677812
468859517
867035157
765589947
995388724
993200126
995008871
23451736
400042418
874266014
597794296
499564186
158701045
875485175
444072474
599957007
492860325
599492617
93753050
331217968
376586233
114658435
103862375
449114009
920350409
618940963
160784001
464274044
46018552
146584785
959099496
555314291
316590577
607138638
611019834
602444698
798620026
964176625
971237961
967018392
941902124
9467593
79539064
118029460
625019360
471550572
407899857
54844997
955231871
26259143
24783262
427169116
499225166
722207316
543587627
137706244
141596707
642386905
648905532
320583773
570224532
60470970
754851959
564820047
823974658
917700602
620871275
9461626
78310575
531600441
493789741
416138395
114559174
98516275
70158710
6798962
70295782
722172893
934554582
475432414
638864394
491063024
10285210
963925587
510299054
491124102
139412923
916906701
415389101
315256914
630749887
499781277
544645770
96139674
749335461
102008316
154215472
370884768
55932723
325596569
391887800
66981210
88031222
881671135
414687504
11142195
315639324
524097775
418625565
329154267
594637723
563656963
603192070
978740646
93476766
492855445
776382711
776260101
777944196
433672932
1984344454
601913681
430698927
9732637
572846793
76935039
907867868
136751393
10979201
628675610
97387341
543828137
23619003
431908265
326291477
935446712
746522503
4040119
485406552
310128330
499549688
515365352
63837754
1985687751
384091437
331166452
615146628
417185456
420789820
572851359
891569557
867897356
153519228
427850291
576364709
137150981
439878161
121358318
103887261
389199584
91717219
94000122
544595181
102266860
403748390
522950187
573521734
143728734
369460526
117072952
147359080
524892096
970928194
520479185
462116647
941921374
91064591
39754467
764516034
989044335
525962907
141854970
1404877
441018052
987958198
369917729
115825778
105813472
112306693
312144322
504945941
113628993
642349105
362508562
26330830
780435655
125761558
24250783
469785227
460129859
559756097
96261534
5121441
119781436
478466765
70150771
324824592
57716082
740393902
685807
871719867
474617366
876254873
816738836
815944010
816517202
458945175
1328269
49145615
73646579
423503698
104434118
60079540
98786888
61351029
435173838
2011700521
713878633
2010753606
1991504698
749486210
2001531600
2011457202
2005885944
2001198978
1999585355
2002427544
2003672301
2002075681
1995981564
1995337890
1997443263
1995310722
1992664557
1997460179
1988491945
1985891947
1982138834
1980405048
1982066521
1985153160
1986160411
990668890
984196486
981484303
987527362
988454757
981453925
988690134
971620509
972909273
994096872
941306349
911642235
996434214
932808152
995601283
908252389
2000189542
1996497336
768704786
574982991
915388761
833520159
909866197
974213541
959682389
961960686
799292272
448273879
422425028
431081948
986151882
995602833
48504286
150019191
893153237
978885161
947957171
987867941
768047050
911503091
154037251
732688183
987454579
580609099
45308896
466006334
161319745
80767017
543282276
122314768
993143087
935989565
635622453
539013180
171247463
4004771
395816965
62202040
998121738
988457821
959795218
163664981
627263670
825852941
961091458
374425970
833779180
564066304
534371524
359883974
626186882
314261715
773368669
988552021
79424718
85005016
868565777
723185970
867481448
469384636
642475802
731386943
608280925
606298997
54663418
925845034
450973012
778336559
824754853
128871831
3543671
130164158
798130521
879522836
581448731
362391732
903244993
387465322
820084317
643560279
810246568
742830574
100468911
315493008
928593799
884480907
919939187
962766274
127217642
107961657
891553865
374760245
864112683
820195717
875916165
768823818
111221399
1990048628
416591799
552729759
491282221
746872
972957620
759896827
718799878
901430549
69511079
916906701
545780979
555190595
48373651
1982641697
510299054
92424522
165375552
308044604
613333730
564426900
733782317
531424644
2003824512
81376189
131080977
427784089
409022493
707443034
35871314
1992534206
909747538
409933862
95750701
698720887
531321323
870863132
567162918
954194510
754024661
888373875
611842624
593378521
613141513
533582963
492142281
374070158
600627954
1979422516
989044335
590330982
741589344
403271795
37969913
703017034
702346813
137111347
172276778
757835855
769180416
739981123
551902217
973153906
947206539
422288194
12699407
66708307
12412493
914759464
924680166
98062019
128858839
895149089
978386672
550994494
691394551
442522294
90976680
423477326
896141583
496240695
427261297
467170498
544284145
3777071
9525454
506363202
3703310
147779487
542465308
66785083
976668913
8575496
120701705
3046166
961356029
608659376
155532111
54472884
55761714
139440014
469601686
391551288
464455067
31848089
724243241
151958879
156934569
604667405
524357723
989628977
776726975
818802489
250819
691369755
94586117
310209342
33219454
750649513
39328480
52748544
693879933
76559303
1994563364
995207222
96261534
5121441
49105798
519140070
614796486
588510730
389272119
1985399911
898696182
104101308
64514954
959475356
91202366
578162715
30692243
20937673
727240724
970928194
95589265
972205624
149204697
827912183
77184201
637870799
954645801
32370020
876511548
815721052
420233868
813775157
80894478
405265796
101735288
110470042
608625750
782708410
898368062
109684193
876529213
748209731
501419209
887541428
365201155
753937740
50246099
584365345
953328802
709196925
9375099
408208201
817197703
108384918
706224287
931573341
492641343
2219145
108823708
5034021
394605020
460109810
67625980
18479857
980121410
882990128
894809345
104716113
904161835
911627045
48155529
717773968
130158361
422850794
158064022
325606188
460001609
91083408
138735833
422392659
483665320
149462216
509540964
519118660
26692444
952946527
98329479
549022460
649521392
498708023
869583062
832894031
534543447
730337291
20152831
96139674
1987811312
548479827
991583544
559992539
505879329
826721715
987003770
55464827
127416964
989042850
1993905697
924521582
499776691
806728741
41625536
692659541
757381744
392802040
432874531
508747481
538465415
538528322
712675123
362363365
425454125
730169626
386505557
409387125
636472541
82621571
952334741
83309600
499564186
376243896
878498021
49323325
368809703
390665981
10713980
446074939
2615780
454633539
698171803
311379323
476590322
418865210
25649466
998300524
8391460
978655789
1991990823
1983195962
1214034
12580907
570313365
130904871
331726857
119606277
995535061
92853794
436692330
85234039
96814192
722172893
882586003
502300304
621919493
958315864
825644758
743379258
549951853
375952633
431151854
823617608
441484338
995569189
907057731
96672443
161293404
895399531
832392140
485948282
745475849
375784821
477926941
128306443
907524219
941902124
30446344
54901086
875778492
2006243781
910496138
31844833
359922361
508268841
366094788
697311154
711586176
498184212
564638266
744732778
145479749
827063613
120240083
108027033
531206643
540708535
168314790
24829500
23071172
117581880
750190957
746431091
897596807
531327821
308313843
533197318
799096909
128045614
551869937
749283796
469766904
814768511
815399440
8773267
3811196
431938656
43334765
98678705
783601144
571472932
829019652
821890584
566009052
886290158
782786476
593493966
1985125554
891110122
954607475
31837884
137903001
625214691
712808249
315709371
971186987
964706384
976038728
534108749
878579168
884976631
510256889
578499609
35253934
35608000
900407972
539755319
1985892904
906065591
694597332
473704111
610900391
704718426
547279525
402924168
936488795
595319068
10760412
144854471
892112238
399098998
87200392
66641056
427030153
936210220
893126993
819433145
42586410
786956365
702998357
586302582
820352290
573509458
510632027
123900641
484294560
451727736
644209947
24840216
110252815
133619338
635550377
941968387
331788618
653159754
152525057
621353678
904769631
873768084
579196095
460773499
395866775
70735058
652896084
54886954
80398555
716136265
693166292
472814594
542494396
108982230
91763161
10965578
510985773
864449095
481958112
960236774
53847427
386884743
812121499
889035268
646729468
537560779
800738301
437712513
560272682
31421765
372722442
726271308
376529297
746548389
559133231
101051505
140040348
116973214
7724925
35231998
442893924
390749427
75105617
12449404
102154718
874111799
771042656
594742689
696033939
753248642
162416681
884305905
914087134
694359638
773961621
573061562
958620006
917351372
144012860
910090420
934346789
869804816
952302785
391505538
608398566
754586542
435129091
816314897
902159448
565917744
486297333
503077492
431366135
70535726
583488283
529718943
57892709
830249100
2002747492
969372299
1986317633
520898014
593054854
369691744
109099383
696810347
746702084
85947905
88707714
521679683
697072078
638509345
644598507
893096321
505484127
306397077
312734124
449559997
632174972
624541320
736534910
740322272
496993907
442538213
69895427
331398396
491633141
159557717
329116954
391298497
636943643
409434667
115952019
702453759
437894705
530249063
500026480
505772716
699210111
511431769
718316314
144236857
117377955
391125700
147359080
500262668
717848220
954297462
727047864
877221763
379961672
690229608
762784040
763113558
593346364
967260925
440561933
155312250
500447557
120892011
508363641
906460477
374034383
146019296
757439549
109393127
308213605
310970433
517575568
460957710
509355535
739467315
542354537
115900031
371473921
628835100
115778315
962637148
1979245389
643619335
484338592
711438670
758685273
975318620
450908263
524722454
131149502
378202780
367649303
309756458
649048229
116746576
413758966
447749676
121843715
823974658
504919744
644759794
325045315
740349186
511153434
816517202
430657150
554816303
22550804
871188467
369917729
558519610
136208604
153696135
561936794
581306185
531263785
388041158
327157672
467469488
805199918
607562476
622954530
473751218
467058152
638702748
67950748
22506283
95641326
900256312
500852804
124691528
431687469
308905952
817913224
323001404
55061221
162195154
763203574
99426250
66497232
757846944
510190176
715331683
517438933
117586346
755117361
377126638
57082049
24126760
450850052
618668946
706278522
590880801
153949045
706453942
928847801
93444370
82524864
46295756
80423717
779407493
638864394
738233758
69148979
25213896
532648027
693545240
899977718
523569696
446267617
618111837
79769344
136850553
512906960
460233417
971762458
126947268
432665674
582210827
733462165
499871763
980165424
448716750
503872899
327485496
147801779
552661240
455531058
153695419
95078054
630672717
640256742
61817878
617021092
364689789
472733695
479454060
532839860
548334201
764717930
376204713
327538329
56579428
120131402
161183730
525123394
109470633
45539830
418625565
369487484
88016682
368785676
126860265
143543126
482655706
81410975
117958635
581532884
159876511
591585623
13843466
150451768
554846241
1984695499
378256864
111619311
956061236
504651672
310065193
386308840
139308391
4055100
187801
317088667
138760440
90481708
10442735
547979881
496631658
616618155
749937202
312281180
374982283
79290244
57844842
144313651
940964514
55998085
371414010
45438553
137007968
127293512
884091743
952290483
769925042
445492865
307756611
132079085
410878610
101928470
119105519
16681203
482256233
530050682
430962330
101130623
143433624
459944247
362508562
470153105
43265180
393920673
134606748
467378469
644464596
586554476
119457294
143728734
815347916
467309219
383643713
38197774
110943637
916628251
39477061
87619721
152034170
784142472
874336524
1987349387
927618407
415891731
575086210
34396945
387888678
29525953
450985558
23208429
26330830
969129557
598782269
308388512
629934736
586285971
540584712
403714152
456257645
41001854
596302696
436736817
23452601
52428964
428807429
81241624
81059470
436439854
82620090
57353888
119392226
162532247
406056151
44987518
61276620
65254316
128181946
67014546
716000685
433672932
614217239
86257151
884352338
93479262
3062578
6855508
710486013
307730152
634267318
464274044
307390479
607828399
73949887
109771442
737535139
712749393
94014292
800314623
421483007
447775659
427531387
119388712
598533120
57860373
628954650
738101171
993498661
307496834
10741152
969885038
326469173
718388899
544793414
817351430
59398367
131075817
80595348
891981846
913919277
810692619
728214053
926023274
1979088644
171037362
578339895
973365648
977791512
995008871
165974833
487343460
52342656
487963064
643599960
68215808
307707754
997657157
372786645
32452707
70510217
4634638
799301249
933067125
651788235
810799881
901328060
382890161
641302260
10602549
420891654
48312060
36134183
87875242
33070667
460087266
99420896
547613015
609399925
645384312
967018392
59708012
395384909
497536737
141498210
44528370
573981388
867897356
556734085
652453172
1978937774
981751106
806298995
987409697
948090197
22532756
419106096
139567105
997492845
988320960
538828743
91250837
66975091
66686637
431178227
309757574
98765721
370788965
2003470063
628134674
83455454
70309457
35499088
521451809
615741184
122743718
130668918
473031388
145042323
363127860
312426203
570727423
564916616
370565965
804365247
365926895
488270419
599010714
173781294
537532773
434936716
76786343
36955677
782627309
564252149
559365679
445988095
552290021
503672640
600078166
414547231
31506908
488409970
864160650
31339932
518008947
56840031
42442340
702427005
7037275
8817525
394978214
8781751
20715857
161447344
462831895
161356054
138845067
966537352
453834817
396532082
47440372
19470560
99450508
124745323
6432781
629287734
830053193
426181886
815944010
117891135
533896713
53950976
406007748
24563685
6522086
51245750
318089805
951516501
945991990
922234348
947838085
77846029
703565786
142552621
1328269
147740441
577991289
934848481
583897738
489816318
92819898
939045402
900228548
104603992
952169293
785586497
461960022
614306955
719582865
373824449
114053273
170360174
617728052
56345021
629574941
417673633
886413510
366081843
47190423
8570303
6553233
772647182
483794511
464961452
644625710
118321798
820969038
770211576
123216450
8479576
892310633
706651070
23584289
498920768
523729488
709633522
109665409
61712646
1985687751
370905304
817540790
111424091
47294047
18327338
1987589980
1990986974
951782389
414608489
99393635
603602232
434357376
381017247
387126027
919620061
953925272
110328076
882155440
869865740
892263232
894255870
863982490
974763910
563784917
953063007
956996370
989856172
602331811
102501130
637424692
374861893
109415187
324262761
457101482
587468955
652762973
638597288
80728076
396192043
572851359
61371218
110759778
376527689
124590579
137963565
6688987
700814566
310719068
585454868
508574324
641641376
510895888
13454597
637947405
876012768
736058821
934554582
1991610296
934273781
568857491
745776635
927034485
7824478
9024830
127548564
748394076
437028819
158253992
310320591
427004508
62940127
129627424
156375532
60271818
818424215
119285424
898418144
163629947
368480480
116307464
460548685
69207550
23023674
118143056
10208836
15105489
963463438
831845871
568571421
739632726
109879531
590401501
310796942
988604820
4263174
700243711
758849595
624864452
18811091
418911067
17673063
109401979
877487621
732346026
150242919
468173006
323445063
464372287
100712280
745157781
830724814
514947114
823754244
463942975
938408931
471760334
544733895
460226630
593590620
739071258
23393347
513023757
66822474
39198298
52572476
108055
521636766
961246075
976910468
115836920
144281421
979138926
374371974
395454821
490929381
466498446
81577640
480058453
501381811
521874368
10455152
397079255
873326715
378324005
553129694
435679464
643375011
10277344
81763152
6445690
59536235
82465102
715979722
54247228
101008259
93317656
168302421
624801548
566297970
523845225
615870513
55190211
420736503
470627000
369583813
363086499
6709155
513080561
866383607
410339047
1987515978
630753154
569540260
131473254
170162565
401751106
802291691
370120
969862275
718345048
941619
707035023
872944152
756027780
37530520
2173683
64423405
13484725
6936303
53501066
11268164
28632644
1991893513
980340460
449077113
68789873
65415757
523667940
59342330
13561178
97007680
902600559
503868356
872533304
505280959
587299298
125993524
740906972
310388109
584138650
310385076
78510539
168083684
978428671
81099411
533279191
134715009
543021931
695389522
519258778
975814233
622090676
596876152
614800760
78812769
80631439
490354714
123101334
479342089
10475577
863632877
747075590
883687632
593496993
823308052
127988235
541124362
327180503
574892459
118029460
146227818
886485181
172595349
869163400
594374161
509017830
124284945
7634793
937304379
404701580
141759366
624083164
511948543
562428786
405270079
376722285
71883937
973284578
414687504
459546495
702343568
927588208
981912538
307592533
617110663
32574245
21021227
32493550
16122924
724303621
131427673
25155243
522800497
494898663
486707946
99437012
18132244
523688297
115043745
14958274
634695049
805042601
530816361
564502204
521426569
520182418
432595435
10308221
94906690
8403306
439250085
4902706
99392011
103262631
25743515
576786423
54470882
502954366
495265007
473384281
621880715
397246901
564627822
367207764
588057555
447968130
507047556
47235271
963925587
88844032
562707230
411397892
1485966
81680846
492048001
984577647
960170462
530059349
646029328
979850767
516419359
688889446
7431833
760167903
