2010827278
2005655243
919924841
2002561503
2011457202
2008120166
2005885944
2001198978
1999585355
2002427544
2003672301
2002075681
1995981564
1995337890
1997443263
1995310722
1992664557
1997460179
1988491945
1985891947
1982138834
1980405048
1982066521
1985153160
1986160411
990668890
984196486
981484303
987527362
988454757
981453925
988690134
971620509
972909273
979138926
972957620
1994563364
995207222
994096872
941306349
911642235
996434214
932808152
574982991
915388761
833520159
909866197
974213541
959682389
961960686
995601283
989042850
947951523
987409697
998121738
981751106
959795218
988457821
973365648
971456168
961796549
940562200
959475356
994877328
969129557
893153237
978885161
947957171
987867941
826721715
111221399
986151882
995602833
2003824512
550994494
936210220
737535139
891560327
864112683
733782317
924521582
387465322
963463438
980340460
818802489
888373875
691394551
877487621
331788618
762039446
1992534206
1978937774
970928194
908252389
2000189542
1996497336
768704786
621919493
975814233
758849595
624864452
874111799
909747538
941968387
1993265322
1995377459
993143087
979331460
393920673
66822474
472730790
893126993
109401979
698720887
1989443883
732346026
150242919
936488795
501419209
10277344
402924168
156934569
872533304
817351430
961246075
519258778
754024661
891553865
988604820
981912538
872944152
10475577
531321323
827063613
979850767
969862275
954194510
952169293
28632644
739138275
878976386
1990048628
707035023
881671135
171037362
490158454
820195717
470627000
369583813
989824732
819968635
703114327
724183992
375779419
894885666
323445063
831845871
417277737
163574354
479466108
800104486
117033896
318089805
69860949
109317599
724741925
113601138
554189814
145417810
85234039
17822127
62599111
4831967
152960191
407139429
128322090
38402128
368693671
430228685
17083584
764785
331258256
324606357
433483574
378202780
529509117
356608
74818867
143377987
110501732
435648025
81180056
115778315
1397908
398923102
4986211
474293997
649521392
10508758
308313843
510458260
394978214
56840031
497044182
521569189
107293736
143813331
160160070
74569043
87506846
503002270
526136376
528729786
138751962
60145
80357718
88432767
88337987
154728206
521509812
401751106
395591244
119285424
739767655
332018513
115309208
56196049
406057450
456973636
309214470
497015710
476327243
118607474
622954530
101117801
4614050
371198691
8817525
122314768
105313662
109494353
8649371
3799411
102040566
21501095
325689121
28878648
96691662
82128626
124640749
11136129
2013728
11170270
22443195
326405071
74570520
102962275
11808145
889769859
446607495
558715249
110523280
51266514
387888678
29220111
21063687
310719068
435922206
314476726
13454597
20522413
65584063
5806310
698586707
372413735
123243715
4308248
941921374
504651672
327290519
8399436
745384161
111983048
117377955
727047864
110459831
138125601
33721703
431249464
127933495
310858678
26843249
538372124
31655102
23809466
63030569
995519389
864160650
652750232
172264924
4298297
161447344
462831895
461960022
1859485
161751186
1193932
30442126
21062135
6256099
465439109
8933300
451847948
9386834
143543126
322048562
57240818
113506081
9318429
18852079
402213869
492156473
44296026
35910919
383608530
6485013
69503773
159908000
25285772
152159358
36875396
1992938379
78529193
452257988
695655588
387873634
414425269
50142001
600710579
6900815
404015882
721273
53130610
144346600
7568299
6615852
17587522
8677473
2093705
101354498
45065364
771276185
757835855
362016648
306397077
733122887
447749676
649425350
71477728
367207764
71856926
73949887
103000095
170360174
437457370
119105519
554472016
412318
512953021
554514115
988938560
559833723
128797633
172058891
107311534
323001404
67376771
121982657
74068767
375227876
309410027
474170586
92502079
457537207
110621541
48014350
59834093
65857996
26217385
102448286
367274720
103651551
22725886
386879965
33945294
444447122
82615481
87526025
3883957
506363202
3703310
162416681
869163400
39464543
29555673
44746601
590330982
741589344
984645088
972866018
916906701
96261534
5121441
901430549
172276778
870863132
567162918
989628977
776726975
718799878
564426900
895149089
978386672
972205624
491282221
746872
3777071
9525454
924464564
987003770
914759464
545780979
691369755
643560279
810692619
707443034
919939187
962766274
759896827
613333730
898696182
446074939
3543671
130164158
973153906
92424522
165375552
593496993
111053239
995535061
1979422516
810246568
742830574
498708023
69511079
1982641697
510299054
427784089
409022493
887541428
947206539
604667405
524357723
779407493
409933862
368809703
564968657
374070158
600627954
374760245
426181886
559992539
989044335
35871314
652762973
974763910
95750701
496240695
427261297
480651301
375189430
924680166
378324005
820084317
937304379
610900391
521636766
724243241
976668913
308044604
647628412
531424644
362391732
903244993
1985399911
749283796
469766904
416591799
552729759
155725141
29199006
111586021
10285210
555190595
48373651
467170498
544284145
815721052
420233868
959099496
423477326
730426023
427817359
611901364
919620061
935446712
954873262
614796486
319777286
572851359
35231998
882960422
549951853
375952633
431938656
31837884
897596807
531327821
812121499
934346789
889035268
646729468
971186987
875778492
878579168
131080977
508268841
366094788
906065591
137903001
477926941
315709371
43334765
98678705
485948282
964706384
976038728
884976631
35253934
35608000
750190957
746431091
904769631
873768084
2006243781
110252815
609674498
64865656
128306443
7724925
900407972
128045614
820352290
439119477
593493966
1985125554
534108749
909077343
910496138
144012860
910090420
120892011
508363641
116973214
66641056
427030153
754586542
435129091
391505538
864449095
481958112
743379258
783601144
1985892904
907057731
96672443
31844833
3138482
638509345
644598507
886290158
578499609
422425028
431081948
510256889
571472932
829019652
891110122
954607475
958620006
917351372
952302785
518763805
369691744
109099383
2002747492
632174972
738131371
360597414
869804816
401477054
486297333
902159448
830249100
531263785
388041158
136208604
85947905
88707714
81549634
565917744
822999541
808000730
505484127
503077492
431366135
747869100
956061236
893096321
529718943
57892709
906460477
696810347
746702084
755117361
127778867
957074819
484338592
377675465
608398566
520898014
593054854
609281894
54624459
157459241
884091743
101310308
33986379
3473072
33797455
1610342
33033602
32896787
150579143
709358079
10891383
91780275
48654811
400560286
770994656
42828527
82220317
324784155
561465795
13848145
11875818
91223259
3645157
37261341
16172334
100712280
745157781
47440372
26874566
430071
82612384
50686805
596469158
11185102
28558321
98329479
518008947
168302421
702427005
464372287
886413510
366081843
47190423
118321798
460226630
593590620
7099500
555314291
55582512
771605613
112876312
20715857
4634638
80728076
104603992
42442340
802291691
370120
40295027
104178938
595700084
750755428
109665409
61712646
644625710
533896713
53950976
406007748
736935315
603283594
99450508
7037275
508574324
498184212
564638266
117891135
6445690
42763832
19470560
137963565
6688987
56345021
869357156
533472686
750259340
150077840
376243896
8781751
170223552
820969038
770211576
47561618
561364723
2003470063
785586497
127217642
617728052
102501130
8570303
42158678
475787237
370905304
147740441
585454868
169333200
6432781
81763152
583897738
489816318
92819898
564066304
142599183
60231144
136747439
42616171
870172144
47931904
580547450
373824449
77846029
703565786
24563685
6522086
51245750
629574941
142552621
1328269
114053273
83041847
1379019
47339676
161193280
485638418
17307925
7703792
4523463
6553233
413314847
60603328
50935786
546428963
34594866
51137859
16253538
37717981
597791392
79726968
121802597
47294047
18327338
465473109
133798623
396532082
45308896
34585349
464961452
10876258
4263174
700243711
109423794
42809290
156126192
422882871
156886574
375682591
24991758
46515877
74199715
899241420
126860265
54056349
74458150
111527922
2528359
6486478
15912094
46723431
73881246
171754931
426272977
800314623
390783436
154037251
952877347
731813803
709584441
124092915
874266014
157702797
93974643
79703768
52645061
161256611
159249651
114075241
310970433
312734124
23493046
94282268
778336559
762784040
552290021
547979881
524167496
405248253
86886745
749977728
7569381
373212892
406056151
76309290
429103556
33800951
162754925
70333592
1985020336
525540395
22114627
11114325
9832153
994530351
4004771
988412924
910545589
169129200
69140742
16441294
8289474
52951001
264266
141663003
450806120
6948994
490599000
408412761
530050682
884480907
765544629
549271520
17307926
988581633
116760200
370756795
801091817
939885991
2002730551
321069754
102266860
321367614
925845034
815677530
467058152
51841138
510428037
805710619
967018392
327190161
824754853
1689262
155496910
627263670
9944645
954171922
633246460
430796492
126823059
445795585
314002725
649048229
1988334422
924534352
576874903
25499750
15590742
916628251
104007761
308213605
494725290
823974658
80290112
435038736
121820933
919676497
26330830
513844390
401389691
749388489
513080561
38882934
763203574
32798978
378700278
515365352
625214691
761844138
709196925
383643713
987074242
902438382
740349186
962637148
997657157
398687535
115151000
927743851
520748921
310128330
31498679
44962077
1997189512
64514954
44309721
427850291
576364709
539013180
740629886
458450302
436439854
54663418
389199584
162479720
772031667
419653053
464274044
467293074
31515067
4700806
103615850
643082692
626869951
509211932
467378469
310065193
433411436
693545240
504347934
575086210
969279040
470714265
453131985
630672717
512731395
579471092
23452601
737006535
769925042
376204713
363874415
127194647
816738836
165100437
60235534
747057242
530243349
312032819
587376735
804886060
518899781
486053259
430962330
10471427
133504155
163317435
55267828
630749887
533582963
896141583
816490673
964633784
372016797
456257645
889030295
526768736
312073431
919655347
78669437
478466765
832894031
94632425
881279888
518642555
409224793
512145489
21407652
455397987
117581880
10989091
125761558
108388923
4055100
869583062
9918395
447775659
548295818
23451736
637381763
960450574
721462105
39477061
518551899
435432148
124740856
125259722
1991243253
462116647
961270226
937817307
1995987389
76513126
561456159
101031545
907524219
82621571
21912398
692767517
499030965
60594751
969372299
955231871
637424692
89817931
119149651
26975195
88777220
4842015
36781623
960236774
871599881
40588391
33868287
16063905
69464588
405000956
381612793
643512
47177909
60310
533980885
740857587
12171913
773961621
63651651
90342051
154218589
174201076
984577647
27923477
64896183
537528360
483683051
480174025
10293965
20023755
360951884
111709106
608265071
9024830
463074539
86464348
497507369
252756
605108
515687620
170999856
129395120
76935039
18965804
817802171
828390764
960253844
408208201
816471548
716136265
436692330
158010361
24829500
485401317
634265582
551869937
491809539
748209731
130904871
489817591
49105798
155604122
643298683
460100204
483665320
479228960
116746576
94854547
443278171
478059489
532352288
122535095
781854686
479358592
108101671
545454402
873024264
961845188
582210827
928166588
914104496
119115318
437894705
474568824
441072761
931573341
95170863
588510730
774419520
638597288
576213135
422850794
832392140
450753381
158064022
898368062
12620887
10602549
781715835
813775157
885570217
325606188
414617187
689043109
64830986
752937801
608625750
376602079
361976079
145106545
417545160
932611801
610780662
377126638
519140070
619147026
917739927
720050737
362363365
595780031
596194206
428793673
584365345
443797814
94284266
576927891
378914457
164507886
4738348
746818250
10309608
879101411
132717364
387712223
48155529
564627822
31780327
26276697
98287680
827912183
715831577
748348846
538828743
36134183
99420896
442197184
118629423
420891654
91250837
744024139
48312060
22532756
139567105
422392659
31339932
127416964
50725367
455956568
402432339
430064970
460087266
573981388
806298995
948090197
44528370
564916616
597225229
70309457
66686637
431178227
368065528
49367952
370788965
66975091
497536737
652453172
419106096
395384909
141498210
64321632
873837140
98765721
26398957
87875242
381941597
919571887
36955677
79368613
10965802
33070667
365926895
9673115
392753460
169929085
628134674
454633539
66708307
108823708
750649513
365201155
12699407
41625536
403271795
502604237
3046166
876529213
703017034
55761714
139440014
702346813
90976680
120701705
151958879
54472884
37969913
76559303
2219145
32370020
147779487
92853794
20937673
25743515
110470042
77184201
769180416
505879329
374381690
106552862
778680023
104101308
94586117
422288194
693879933
533197318
107220494
623360348
701596293
5034021
91202366
8575496
67625980
67198030
62694376
578162715
52748544
911627045
32574245
18479857
50246099
608659376
734848725
31848089
95589265
250819
39328480
375784821
109684193
26692444
96814192
115259872
530059349
25649466
442522294
155532111
33219454
12412493
98062019
128858839
137111347
66785083
554370981
460109810
919014550
542465308
961356029
819433145
42586410
31421765
152525057
621353678
547279525
144854471
510632027
123900641
510985773
460957710
635550377
694597332
521679683
697072078
460773499
395866775
70735058
312893921
53847427
892112238
702998357
399098998
87200392
914087134
423484845
573886250
696033939
108982230
704718426
91763161
652896084
54886954
80398555
537560779
800738301
595319068
10760412
771042656
594742689
133619338
1986317633
881367835
573061562
437712513
586302582
626516328
473050834
125232439
10965578
900256312
889575738
311321242
647015464
484294560
451727736
816314897
372722442
726271308
376529297
473704111
644209947
24840216
882752365
573509458
579196095
693166292
594311824
502337588
560272682
746548389
559133231
101051505
79769344
36837570
136850553
612990699
12449404
102154718
786956365
476590322
820370301
884305905
442893924
390749427
75105617
814001240
552661240
455531058
653159754
386884743
814768511
158001407
416652489
144573461
371713756
499225166
753248642
472814594
542494396
805199918
370518841
772647182
469384636
974144510
930103042
95708395
577538964
736534910
492446187
928593799
758685273
117792326
961091458
414639187
10998986
898072985
573521734
739981123
115952019
967260925
115900031
642475802
448547731
84294776
128652036
1994640535
549547087
440561933
404263661
599010714
904153231
155312250
711438670
378213166
624541320
935989565
99720083
328226111
563942723
37432514
912256078
170333550
517388940
784142472
727047905
89324377
740932624
371807791
954297462
517438933
626186882
370565965
459944247
534371524
874336524
117586346
415891731
109393127
450908263
763507776
627599430
391125700
798130521
768089183
41711125
98209679
645384312
517575568
953330050
635041630
768288955
509355535
93277293
706917503
500262668
959727090
689478660
444852552
469601686
582318186
315493008
580609099
595681805
409434667
768047050
34396945
80322605
70204361
98272547
389123365
372358589
588661675
875916165
505379935
121127163
523581806
581532884
168164585
85076906
635867359
321135230
2096362
504557355
863956318
610638719
309012209
42445975
81646113
705664117
602331811
765260847
67906040
440177222
646914244
897871700
450973012
308388512
370784628
383809385
524493843
651234069
315538985
364888842
63243154
764125
366828050
951516501
964651991
716000685
984474217
740322272
433454585
465977205
635816787
106135633
930633808
400917912
750115024
911503091
162467866
409387125
405265796
132885549
384633695
88167974
919988079
118613741
548479827
954645801
878498021
712811919
137787209
757509631
46378235
164392096
307960978
644369163
865671784
402296274
823955752
863589319
642840148
941865500
965365245
53871258
172545455
155744242
927494213
91083408
652200703
379299548
727240724
402932994
321365679
63128724
41588681
630254101
97389626
66506173
871421860
104716113
726574473
399818127
396579713
798254441
899495799
361769792
895399531
886286691
413647086
751675925
74668385
406973951
877066421
631601297
365977262
741988595
114817313
614159955
404716141
643851573
595719923
426341835
624036370
496266705
442401757
953328802
394605020
917685883
651977932
37095329
495768460
905360857
161293404
895068917
137787173
946585743
461813668
426856881
467745845
151582152
590020035
327285024
56141025
128839824
733462165
24126760
598782269
980121410
638864394
936188441
33964266
551902217
987454579
468276418
466989996
406861222
309995305
379381454
782423507
14958212
717226150
385247070
110683335
638702748
916134798
94655689
374861893
488270419
925540826
882990128
938270524
368474854
131149502
2005727952
173448878
867455995
404196295
516291113
785317069
143227648
409812076
995008871
467055867
710966561
67810694
780465601
438569355
106586115
569976646
374890463
126484410
989856172
628890874
90195349
73738480
90708440
318615045
473423530
485185760
370336835
706278522
544570007
525916584
364206416
529593341
777948421
46058774
395674930
467086336
128704561
614893115
385295756
40573725
95287132
101123524
869084924
442971348
428565464
610891126
85408876
616406715
446398953
35909471
391309794
383483122
157853227
71508193
120752027
467902883
112499370
599992837
43787433
29758820
740371606
1986651222
637652108
140307735
145948062
694577447
151402702
42605036
438791966
535888261
419074064
13595259
48781428
467725793
614800704
967424776
547087584
606478472
498763927
130564118
170564778
34032178
123686047
700764226
699341912
409749870
1979196947
732548718
593620170
467709945
325303968
578942452
79424718
467759749
779135629
530588647
362333485
393420272
132985305
738106216
636503109
712244917
416230424
76494599
443376884
502236318
465457841
492142281
47010102
47974170
129627424
695389522
607294111
1986086413
746522503
864401021
421352670
22550804
590401501
310796942
934273781
863632877
307592533
566297970
156375532
487343460
60271818
66703246
395454821
36759611
936873400
8171911
739632726
109879531
1990986974
697953334
367397890
413285752
898418144
420789820
530269003
374371974
953925272
110328076
396192043
502300304
95966945
637947405
307496834
876012768
110759778
170729777
630753154
745776635
757351915
158693860
44639753
1984119383
568857491
501381811
521874368
18811091
11020119
4725774
80751029
603602232
463942975
938408931
327180503
513958699
373234807
511406168
553129694
10455152
397079255
873326715
471760334
387126027
39198298
636754812
1991462879
768948803
448824470
163629947
368480480
116307464
748394076
656869
276630
464813612
468173006
700814566
629287734
927034485
982468430
915110427
7824478
127548564
136632124
644326794
402413436
510895888
376527689
124590579
427004508
112670699
99393635
161252962
537532773
434357376
381017247
889690843
401980699
156587257
991583544
431920795
739071258
23393347
513023757
310320591
62940127
309229858
189848
1987589980
951782389
6936303
53501066
11268164
993950842
876864175
433228852
798620026
30584892
10940409
144371874
372962782
81755038
125993524
740906972
61371218
736058821
722172893
934554582
817540790
111424091
432874531
383732028
118143056
10208836
15105489
88031222
562707230
990052756
489687203
133465711
76786343
418911067
17673063
43611258
120186585
313232636
68736054
402724842
551028642
330452273
385495854
368952080
71137426
144687922
101896942
442538213
161183730
79389137
402734790
94320699
323817534
170666576
37417502
149610566
394676873
694267934
997464391
390917774
979682273
562136789
42811208
138273544
137623232
56124851
120265834
369987034
317151259
161366645
171179059
414608489
152764989
512418187
171928974
127049629
45026547
164628203
141459523
107438745
107406739
519146739
584255275
92773527
46770520
30574965
400483404
319194142
91126594
415184968
76531065
493408231
70843300
829073473
810748413
441203741
457835166
439735355
519156919
421546950
317719077
27666136
152478549
318936573
163118334
73618180
34595364
512483679
119266333
68896869
316223640
331255495
120184295
438866505
63035248
473498836
113957987
539856972
514947421
370818757
141809853
315210145
103367958
134648392
570224532
322057796
390778577
30925190
132607702
611181383
611307405
122488258
613257840
35655260
59479467
168168584
427381184
160573862
311486388
129941450
148307534
457553814
383493704
364209413
126605788
485877857
62043544
38903827
135485037
327312085
397846784
79260108
138845067
312685375
94146821
484947404
521737626
12966462
38971873
446983027
731422701
488175202
85733413
736620056
628835100
753817187
162783476
171247463
160458248
730965907
81521079
952531776
362848454
319303144
432692912
307521576
101454628
32716143
367802778
645213458
391382899
39563311
132052409
523715359
562512014
810925452
810966344
317192511
128181946
99064840
615859907
971877968
495554553
370854176
97789137
526953571
524255949
13047485
57804930
535980607
516718221
155926028
529627626
65791727
449267216
591669474
509685614
89312660
316316489
433760037
100851792
818906256
134478439
152369998
117791603
398948833
149231063
1988574825
994441431
581583142
137627205
604775719
936655182
478920668
70628534
550030298
547236299
24127694
37494912
935934152
113480756
533211242
149853920
392345999
48981720
1987349387
127918154
448809128
637754830
92667032
651781638
807248989
945820916
392514661
772653229
78434302
646158690
481119984
587903031
904666199
166034960
527167503
617021092
947298672
885686446
60691305
51928780
700780825
405642465
495239878
72398372
98954829
410933323
553571661
110919207
470550142
412291809
52447551
328761247
108354788
549590710
493528722
111475880
467080096
581642543
514572675
71527412
650493779
96716941
532839860
75357063
112153147
313870710
5065577
315709869
363698159
91580995
646717518
534193762
53022706
43525462
368538181
537225339
309718374
804365247
55584525
445547310
106739449
732100866
172173855
22104811
22944324
65638479
425806036
526732356
815683790
435998475
517605123
56082706
11293552
393926287
400512897
474617366
723301990
606641571
149441939
59672146
21369917
432853091
720427241
805786215
582338416
2783240
389219514
49610208
543672255
18132244
11755698
438227851
144368982
64171783
772625315
141808781
471692333
55487758
379025025
435679464
162922574
108951661
815944010
712491491
830053193
121330813
150359623
408003936
34621395
117524726
745922241
446363017
963925587
724147711
11471617
63245739
608066698
311162546
594262182
4988244
30170637
38920983
629161717
4630131
308735508
64018973
316854381
911081917
574892459
776185962
410501146
395305337
777915656
152366904
89484713
697311154
564502204
133181880
702196859
416170402
872528248
13996385
75748981
882586003
897988186
131075817
505744156
118029460
52342656
487963064
997492845
988320960
628954650
111694083
718388899
728214053
926023274
867504997
803927975
92270283
1988744971
36951120
75484205
815250908
482042205
615064669
823617608
524924010
78996658
1984086514
318500908
6709155
165111532
721675563
4448109
11236352
534970837
430175103
60608510
38876304
6946784
1991990823
1984073701
5886519
490929381
512917651
761038048
31530770
420638017
4792364
98187442
480561360
746984810
9859773
749895245
9270814
366018414
982536005
139740500
162228877
311379323
154844863
168016578
91883132
69199100
565154112
938106554
450719931
707860342
758682613
569540260
401349000
408524940
413176648
24103215
134498186
114559085
430476093
115836920
152550473
804182945
27852363
62071817
171200742
799612157
368239579
813530388
82151469
46051624
394281071
49651165
159017981
158966088
403444357
49084474
551282318
86726402
11958294
723843404
444072474
91344552
74030116
37690865
45204620
36924087
131368017
592574461
52323127
458622394
447421936
106121217
648380868
784985209
106388539
737163373
715276129
551878576
81775445
6313689
534543447
418865210
538528322
730337291
137888857
1214034
12580907
20152831
45892018
958315864
23071172
636472541
2615780
120240083
108027033
998300524
8391460
1417952
698171803
392802040
730169626
386505557
821890584
566009052
815399440
51272250
70535726
995569189
140040348
539755319
10713980
1993905697
499776691
694359638
888666711
96139674
145479749
441484338
825644758
941902124
508747481
538465415
583488283
511084570
711586176
30446344
54901086
782786476
570313365
33913669
44399043
569588105
45020024
817197703
95963788
57787520
515053982
523569696
447955781
149204697
480072825
308027245
66690334
28109598
929812432
94646630
31971001
320880951
745436585
600709358
645582668
320775558
19071416
129003828
120294184
865051117
86319756
136353406
7727069
412388756
532037776
726001665
42317650
818849560
109684303
89667295
83693339
67517558
367605254
441474201
468408068
55464827
33894597
132007879
55644744
39510550
47341532
732123914
97313602
543948959
31261977
47187704
25820792
317943837
24684968
799096909
42592005
108384918
460001609
141655451
9375099
366489258
397884510
86447202
1660806
44530249
919956475
321046377
406247176
622595672
402549611
702453759
164336008
491998545
497521262
952334741
40308524
53685437
30142951
440530122
64321667
450340160
508632207
67276640
719143373
85535559
398990297
363940262
518571024
555808485
421767253
23753123
34902310
819184135
884723272
801517487
363441634
99875716
402816419
323182894
29537916
453182287
378423425
690229608
101758545
719437152
151948120
526238949
402572086
1984937420
66188146
14186062
139365375
639768443
82933914
7944804
9917097
3910814
123248535
34783056
35831391
331398396
110840077
115048166
383782159
374961279
523999995
100512940
619547371
720565761
462019397
99885254
66456750
781200517
367649303
630781402
376043638
42682292
368347337
126663632
77831389
72517388
80992608
20156708
963349501
476237628
151942836
152928782
934168873
558089867
119582636
532522957
162431163
74728677
648593935
534516707
10090961
42117633
63712888
79053397
872605017
138365492
95203237
653415216
18600332
64674165
371826764
636015704
568208929
620746578
4387004
47726934
695277097
510094924
119357764
386299914
59903065
139004668
128269829
149078863
441299827
452622880
324058967
109579512
313812113
416282864
913737501
82582476
312403153
97465888
763414534
23815271
525260180
1982465734
634500283
882098764
950696268
917891140
464023872
396181737
109512789
611031098
576645702
482501787
32502195
360435335
66317219
404798293
817989206
29269732
101752246
75630285
997639
25949471
53767306
399864992
91153194
618668946
122455883
579790301
909805274
81241624
81059470
952290483
134606748
119392226
162532247
327109641
93479262
187801
496631658
87619721
152034170
362508562
100468911
614217239
86257151
139308391
101130623
395816965
427531387
378256864
111619311
161864761
26467411
307390479
635622453
307756611
548334201
764717930
161319745
712749393
143433624
927618407
61118187
11071258
109470633
45539830
607828399
27943793
312281180
374982283
644464596
586554476
554846241
418625565
55998085
723185970
82620090
386308840
698058301
90481708
10442735
568571421
574828225
482256233
364689789
472733695
59398367
44987518
61276620
80595348
13843466
150451768
109771442
773368669
38197774
470153105
43265180
16681203
29525953
57353888
596302696
436736817
79290244
57844842
417086015
410878610
23208429
640256742
94014292
428807429
710486013
307730152
928847801
988552021
369487484
127293512
410807216
119388712
884352338
110943637
433672932
26089612
59930769
651788235
450985558
317088667
138760440
81410975
117958635
112773421
14232472
32886617
74247222
445492865
940964514
598533120
41001854
56579428
120131402
132079085
629934736
586285971
101928470
137364106
57860373
52428964
977791512
326469173
616618155
749937202
891981846
913919277
45438553
137007968
143728734
327538329
119457294
721573742
540584712
403714152
738101171
993498661
1991893513
892310633
577991289
894809345
907538635
149779798
419482227
806728741
487126240
918228156
949406201
374012053
113807957
430657150
745510353
484100781
389272119
702564125
812007050
75330727
70469747
973697457
745475849
172842792
445864729
110555408
805407063
629408007
102354335
49323325
45527336
122527136
564141964
556503683
435660070
51407995
50908464
135876188
10512183
49883523
47436522
567265828
79731604
637870799
321067265
701561567
522080532
366932273
941309012
473384281
397350662
61654003
316662402
8085286
37923925
164583439
385742384
140354095
307178914
140448739
136039685
585760087
387383638
48880829
479945489
757381744
641373702
433272202
624227222
96370090
797964451
704676191
473445872
166902941
14300127
902088897
119487578
149684777
476935144
1986252081
370706693
492641343
729195371
318042064
715109818
832983386
694556621
934882307
922173359
879549391
980175967
894736116
899977718
706469943
322965845
145018529
8605675
4985227
380558504
70503739
20651060
29922444
7160400
922791900
6099647
70367419
13316467
109199440
534293326
48476610
115838287
135939077
83144842
740927703
553964244
619070815
7812987
44088059
473793009
131473254
170162565
697601210
25155243
699197900
749281433
1652178
428814313
425866195
752674491
82644420
448497943
524514071
78714550
427903663
547066602
994624518
695475651
86784634
823308052
543906390
83446088
11341815
4093734
25247279
721576845
316338663
150014278
490354714
618706112
48820937
403836874
10080987
9211973
400935364
380123270
470007331
16235729
61682542
9922960
542733323
406356708
963797864
92604450
79283140
812107986
81852911
48711992
19626851
37559024
327649385
125613538
32908515
322584918
1202317
915368366
69325611
522634937
70370267
2998820
98723454
747075590
883687632
127988235
630574021
818563810
379133594
25674022
883508034
885099011
559245837
23023674
758106745
692469559
775940264
331787658
716420321
890706551
149462216
692659541
744732778
425618393
753937740
168314790
1987811312
156082578
58624968
138735833
375020318
607138638
120317803
80894478
443527792
706224287
119606277
509540964
712808249
712675123
978655789
1983195962
782708410
904161835
531206643
540708535
8773267
3811196
97205127
706474459
101735288
519118660
425454125
83309600
499564186
876511548
431151854
607183924
990594404
863497303
954607270
136374548
95336681
69207550
3054872
127408620
41753878
417794815
625206396
627258287
110997780
156705357
86861264
384278646
878168749
538832049
505280959
587299298
11860849
118708677
620319344
469374115
6377332
763368875
45410642
783986021
165178550
25347494
504479016
407627907
527051591
779380158
6924017
997869240
412472146
79539064
419788638
703715735
362292778
329753193
440139142
172877269
63860081
508396295
42839365
901328060
467088742
145947754
482172459
434937486
1991610296
311974977
628832834
106877805
130158361
425775236
314080260
798263351
157346281
448443836
6229190
164426111
75140025
10279109
33352854
427169116
430211356
39359568
2579351
500566521
716491838
396616692
118512448
163520432
715331683
144236857
496993907
126947268
449559997
816517202
374034383
817913224
491633141
121843715
467469488
309756458
153695419
95078054
65254316
67014546
325045315
757439549
67950748
22506283
95641326
99426250
431687469
717848220
718316314
544793414
479454060
591585623
739467315
542354537
146019296
371414010
147359080
879522836
308905952
815347916
467309219
159557717
763113558
593346364
85005016
460233417
559756097
162195154
46295756
80423717
69895427
153949045
432665674
877221763
379961672
510190176
1979245389
505926603
57082049
499871763
159876511
871188467
369917729
558519610
757846944
511153434
93444370
82524864
500852804
164132134
88016682
368785676
329116954
391298497
636943643
413758966
980165424
500026480
448716750
607562476
69148979
25213896
532648027
144313651
473751218
530249063
482655706
706453942
524722454
327485496
147801779
55061221
61817878
554816303
590880801
525123394
975318620
503872899
500447557
699210111
511431769
446267617
618111837
450850052
327157672
694607639
505772716
66497232
158479548
137158031
487457627
371473921
504919744
644759794
124691528
153696135
561936794
581306185
552712409
9397647
125822478
969187539
916136500
392109198
391850831
111445153
420414554
105637416
4990469
361122635
474663556
417802623
368736520
736260834
523729488
2959668
3677273
883372477
881161724
819448160
498787518
415439236
399723525
489064571
106478409
97562281
460548685
704472404
547287327
490929456
737417187
646993095
733787899
870181995
644840253
599780354
975781757
79825724
434687869
64187842
7505637
882570334
439815944
978428671
387894343
160133298
460631359
415389101
702343568
543621030
386501538
46315908
616218619
553440369
28110872
51146322
634461251
980513990
380101647
877596268
528018420
642995059
456822845
485972107
538623759
867507289
807007894
600078166
154128501
485266912
6799409
590863366
176694
503672640
124745323
532701482
3112005
725048377
11238237
639493467
470138953
586511157
563784917
105451029
8604711
331573944
70513255
381638374
70542533
40670683
37222838
579052482
439250085
70507737
324044101
806763319
772158195
914783098
62003473
93150208
543006653
120388522
54811098
307335057
532215895
946166045
714404505
608856614
424038303
102506358
310378741
539615601
460616837
446829982
116539237
908640985
471313981
429143719
450380819
502844909
38853648
11163555
331946262
695660784
379432749
401979598
469069717
92759400
382668173
376656837
59976616
28634516
1864768
4537738
89203975
331010417
815640663
478287298
407196942
495265007
638115040
785030678
35811967
426920728
446898249
730204145
44681254
169575866
562227531
932632046
458846181
9316367
379386925
823599893
151862488
728530645
47189122
496710279
38672607
159357682
564820047
491654366
123817497
56879974
501376931
695186608
367247780
952594781
864906545
109428042
579954098
626754572
616759926
10900749
65145406
377479765
726335983
28264904
397246901
782861251
45570185
648650468
165422476
23796513
478236761
332154102
21518628
117616424
421673047
64813412
419495561
452969329
386348973
773929409
21544697
1982674068
398335890
314471217
815635359
717158195
71628670
318960805
5901001
770332441
4459741
483794511
172872876
559308335
396408521
409277744
114133130
127886176
152431634
136887467
579333225
798436505
542439071
4953281
470293347
127612395
322551599
139171815
738233758
56634288
44340378
328812249
92139789
140631325
509017830
491083188
420182616
12257674
7919035
155514687
169593206
3396384
435591496
129357195
6203239
9679924
611250607
6606696
364735867
376048223
63729015
736884833
41746229
68866656
65990569
30530692
79388348
9425101
3464366
7015745
455886590
362330073
96762161
371698307
426871981
77653708
96567396
446520527
8315504
6490010
111891106
48699468
786116168
311099508
868900046
62996599
768856388
50666284
115359133
103984564
120645035
315023130
11791431
520012542
16594247
365320287
8881560
9440375
79448898
7200399
6137900
889374638
66913802
743415832
17813304
632861924
53812342
158601403
470105284
530506369
597886014
129455144
49840052
64426722
469901651
128627548
381131383
100076121
77050987
78044620
88686828
514116472
738659071
800983455
400299453
508377154
443637511
459033535
161723615
66376546
310408398
101943107
89216288
368997768
378797532
367353996
91186079
111777251
63756753
108558481
124204181
313935311
101235418
66744902
128871831
768120921
141727443
56913635
13068435
552027699
471675594
80167466
125920794
701226881
112540953
398370588
50444220
165974833
696174417
447289768
403047124
83711175
122096016
128304535
83006988
11217762
158032676
89661669
431988183
569957388
13873454
389507558
327926715
492860325
80176213
35885845
933067125
914396048
318737538
599148886
593160594
115898311
310840737
99196137
32034046
319474795
110113528
383332473
105065085
42621873
4903380
643311957
84338855
90168876
552497265
521123541
715838248
32520421
153864251
86829925
86614690
152585599
774175747
87562676
145472370
733682484
498909871
417166387
135642111
362220459
66369560
490812531
599888080
109531478
590377909
104049362
404999401
25309062
370872670
508507285
143646240
12433802
5817888
96489074
72435383
432110515
115272264
806075587
142902542
3848468
762595295
610795896
545211901
363784432
398685461
365468161
404967698
147858498
3528549
34277917
529592123
529597470
529591852
528739615
606042894
561170733
35684503
459934559
537480722
697508170
312124015
584163658
317762767
779579861
38932015
4750348
114799703
535231668
62541678
59937160
118724457
111636220
31910412
120169949
2451327
46917435
30040245
386102149
155292027
405914
525086626
740681814
1982274512
110390914
42415627
27887662
732373693
399579094
863577291
38508286
46859815
135380538
84222241
66477784
552073581
5803616
459115691
2264862
128069622
476545342
170049162
508982187
4144937
10073808
491281297
552303062
863305277
12852933
643883733
595711392
635022539
464260149
394628284
77464909
38363410
150445810
20776914
610031164
404331859
171948526
396610550
390058719
473567711
443288405
410339418
328760222
31615584
519317
139926614
318459479
899175084
377260019
717995085
74552074
111862241
28225425
41393884
12949397
71947709
46650059
64553680
58703291
10494589
12837478
9681354
9468978
10273685
314071084
106592103
155196681
3472201
103091005
322949794
112080250
378246768
369143767
19108828
105593787
397072064
325993939
150133658
31006298
133416784
125018760
123807613
123803624
429910746
444686564
23392281
324066068
399458283
98468937
22437735
2835757
50080396
61836487
82447927
114101969
59597280
135381384
136295221
837456
571642359
96425801
12526768
11949047
3927615
3965630
102727970
113022117
873778653
883519011
882155440
894255870
102656381
32706549
601419278
118368964
381782560
22038906
20943622
17522672
19569672
36611310
36797577
38396634
9509312
134816580
62851313
44462868
152291795
126206458
308111340
733589337
760628820
131777507
19041344
122305957
150921035
376763726
91294673
451222004
91545874
31064352
24991497
78282741
119392643
12733457
324693327
372443654
716899739
170438100
159994938
160757341
360755320
131210956
138412578
609008718
947168184
947838085
589955575
48046141
5806313
113115558
2534805
5804574
7500605
2892108
13494790
4367693
502126476
42280467
83634346
502450106
497456958
10496796
23173122
6227993
30832266
9682358
64761857
372015069
483888014
722825113
484158247
700711465
442877135
711629305
650587149
763985781
79287833
147578277
12890817
760201961
65072915
84300645
102092273
596148582
732688183
960210186
330397627
50528308
40137335
395010800
99127715
723056945
966537352
759236622
315639324
872878719
377607064
88985575
937627629
68477139
127803413
112310214
91354946
54765201
67937522
159324980
317508761
81461210
442489495
443242482
987958198
365396720
617195657
544798906
102987319
18150214
68117306
132063304
157133459
73489266
902685899
986891753
724445066
74608591
16251339
162842571
162605499
91869969
1491022
105387634
4068249
1998467
6865559
408504881
486945463
386774760
589944897
5806476
117060735
113816861
20709574
37715295
643525970
364899773
4360392
41832771
2601255
96047
113631454
14912783
498650486
506702957
65169519
437174896
987317955
117789594
106392348
37528352
450266384
4787067
414993240
327673707
112015842
317296459
758929
106620269
119072414
314810051
9015113
8761230
9045139
9172071
11862313
74065706
329840987
451777378
89453428
12675519
24273431
89636475
78971410
8052735
6832521
410282062
350586
322599403
378721398
79654388
147810780
118955772
7087429
398533241
51888729
710586679
164214907
25101719
32053475
40342676
20601517
50776522
56237436
29597837
9467593
103390390
13726461
27509472
2832907
99876060
82310337
23845047
21609106
1881904
491074065
474361404
888706429
596219310
375875110
435018145
143460879
10009739
765589947
313756468
584152261
825424142
892263232
61371997
139593616
732299521
954560452
470004598
889570491
891569557
79946022
43938288
100888656
368621641
975132842
808718544
771072294
390345762
56242450
511536419
941860018
753727686
751577793
727197696
460129859
102810707
832575329
612259869
538436450
112143747
91717219
718199550
773044235
612240481
580990853
807194866
382890161
322048158
938971752
581095302
79673935
98401485
563836377
591928348
567047070
5850267
92453631
748285486
75025747
608228079
590456721
3203429
92554815
35148937
521479266
361603519
70775595
769853333
638081943
881530866
3826599
77497542
78142890
80901488
24044629
22242195
471550572
733433719
149534143
95725371
388843807
386985425
388159393
4404812
27669150
25671919
122423854
88939020
6375618
26040504
37427744
40918799
9683848
4401916
34542055
41248073
2094538
233706
562582733
483569842
50234896
88820658
114502510
163150274
148489369
156849177
748584238
777985388
100073961
763726916
439484002
318807436
24344383
364083152
45744563
57741819
312681703
60479440
72688279
777978518
103184756
163664981
32765690
431956162
114022599
733714361
764729781
368529707
70821408
137150981
752589357
59708012
161911207
359883974
639438877
384170621
387196882
37200270
60930826
321722853
578301439
448136716
363467812
628996572
543662412
146360383
65974377
105033693
138831834
408993779
103445801
391115593
8070906
389866449
455512761
573393690
98781308
365815701
121933073
102445100
111776559
9197954
724447683
624239818
152778108
83978058
47731184
571480135
348036
566236444
330016714
127404037
537199186
649778168
320462718
322528799
51114552
74791916
97756507
320088300
160514531
39748966
10017861
71588795
424442011
435392671
8131784
12104863
76315330
54594495
77112527
74938982
503771030
4581785
12764110
13419962
380160557
123725962
79660626
121151038
113299922
502560763
69571731
89359005
8880115
317964342
88409212
390276221
2979555
158832624
425916745
420041181
66902524
89483884
362316019
22875789
65879572
110464813
51901912
83790700
98415545
126085530
141710611
691293760
158208172
306753489
64037974
88703738
57097823
59287165
110251954
46035929
157385456
89087880
32643481
148047183
81163609
70051621
118965254
562940072
45747607
973284578
34980488
868023302
886048122
898213648
886432980
696129664
731340834
170925866
8053706
985639819
636682363
410078644
315765488
86659770
104348315
62584611
608266942
454447147
144187475
123101334
131248108
507733167
131427673
562428786
405270079
120213287
81099411
533279191
134715009
492115715
523845225
310388109
584138650
981237036
444507363
864092577
119335365
23421660
500532268
618940963
523688297
416138395
523667940
883521117
115043745
13484725
491326172
64423405
946995803
892909871
2648221
29067391
93317656
2173683
87619081
60921226
30776783
934086754
714105245
823439177
810760910
946061825
42968503
617019041
431052146
951115924
631189257
404701580
315675291
562662047
507020760
623418907
316400711
535396051
6888100
869136656
505085564
780987295
620821094
122218759
609637761
489640567
459546495
507047556
408119484
568282619
155860588
822027083
783464259
323144392
361606676
732043074
633960266
471049373
158253992
434936716
70508556
452665732
586503656
953063007
756004544
752748496
1987515978
718345048
941619
445637385
2007634478
84240133
172595349
121587416
2858867
971473
3277138
407940023
11612440
20244469
608617213
927588208
414687504
805042601
71005067
135251512
691077580
14143710
384935346
35423498
19901222
42233465
740143419
393925405
487674809
719192971
78778922
152819772
369876108
502469434
80153303
87064783
479342089
594374161
98208978
441630766
443897072
167928861
516295819
614306955
809639756
649662085
438388137
55190211
420736503
121430849
21692844
3865036
147102
491390851
80631439
610946632
767999625
812220752
598858115
487805658
99388440
105353262
760167903
688889446
7431833
114989003
47235271
960170462
644883057
25329050
447968130
411397892
492048001
516419359
647464099
419511095
892066255
430217069
383720134
539796076
464798289
983204058
126860608
567009424
80295885
547742464
88844032
1485966
81680846
18476533
330179274
312888169
317364642
264242
488409970
415562159
529603953
780265776
491063024
405714921
516481178
680700
2992276
654396
390665981
57716082
41666601
139899495
473771111
747078384
874713065
379743599
555682535
419023745
523354768
514947114
975244832
325596569
391887800
736959947
615870513
54247228
101008259
521426569
628607407
446011003
949255812
306803313
10018671
81675254
9255732
99976388
5165297
797770692
386748211
26558065
75270105
522800497
70198659
153607233
83097387
494898663
486707946
75205198
438088301
749335461
513968903
692741160
709747033
614903096
406037577
517843152
330998022
976942554
146227818
310385076
78510539
168083684
802709578
690457807
736599996
21742464
94509217
408361462
29165807
361988286
90679193
143381561
564310352
400273912
519341391
526320555
737680046
596987194
414547231
31506908
1997671797
414337934
653039696
50953207
709633522
313138840
418903732
866383607
410339047
99437012
530816361
520182418
432595435
459023765
420455088
509979445
57188031
20424264
82313846
88672727
697088409
163604963
17603515
376717796
588057555
433825200
54470882
736054118
557828121
511211740
575656679
9200572
14958274
377016370
323755540
359353769
117261459
403326102
8091870
595848184
467234922
704539962
591984577
90896830
33316932
76953389
78643194
403737042
23807150
12671414
144750469
46065193
330259736
88156914
464447931
35677675
575073602
68080385
314184934
416104421
42299046
155893381
531600441
49203191
529704820
948471242
518641339
599704953
695968763
707283621
449785264
473851400
435066690
20257298
67916655
84652916
3848059
88070846
922064582
971762458
124284945
7634793
376722285
71883937
124427039
511948543
480329320
908889890
598751358
52884118
4806308
141759366
624083164
421589253
554698028
960056501
634695049
418639969
899376169
6985235
470589844
439242811
101973459
72434483
106482313
694155327
436633225
910421897
109271033
1984588365
126842239
943001246
949429627
754317205
138915017
819025566
909383181
317285090
490003420
583325379
573704859
611104236
369101664
112371216
810251196
404958190
122447282
763990612
124213420
38321211
730925131
911950923
8479576
870176044
642340622
922451234
822702990
950201999
49579434
536749967
965419799
821518345
23459190
384321300
162801069
124272565
163967609
157249059
943023517
566343658
502712266
599807334
461568531
535649786
877302215
113479948
29709639
324177939
722822291
785668436
909985940
990217854
971800126
534734509
589864631
896857628
521949548
459785572
108306061
821748530
692132489
607516980
623276391
906718386
585562858
726613812
889510995
823982893
813820981
915561317
799332562
81389325
361346097
91591049
364233516
805255031
941303759
404770795
112706054
77309067
76394028
566370495
638451597
543312740
388022744
651035989
775828053
906749509
779494598
908588441
428384150
489449070
119240334
526789075
601085008
608280925
533190168
1983327489
119456466
613357595
404867398
569553697
502393510
492500145
488264558
910150644
3202694
704258832
364212393
83182890
55719923
4988210
10305919
99088097
126961258
80767017
111764889
168284617
137180562
815375002
530714557
969885038
137628371
429685936
324868673
590497111
480917115
324336170
397228689
454421932
610194153
132603563
575887396
571358714
776260101
88290575
31721281
172211255
885734631
718647511
496902818
879900087
393879642
82709959
450616029
541323433
457936396
640835055
823134722
98062372
718346554
34869893
96696993
375171263
76906354
116322803
120909696
15634161
712686755
81953101
361183642
73119549
16696148
362508929
310586374
409351924
99560574
103619560
134806380
139286765
726758764
780425216
44090839
573132
7065074
5041163
6483835
6854906
963454998
498754473
397170062
486894379
414221452
386320109
376809628
772020838
519459975
102775437
611842624
622090676
450590781
448273879
159817999
521085405
312426203
536124348
872304939
877224937
542285644
742468853
729238995
574478555
574509767
502968382
963093122
934626097
908565525
36000210
473983144
359654337
761743612
23200716
551741582
593220376
419902731
43025810
400132911
522284885
902282023
832811507
320318573
401500338
606298997
430430856
389248626
564252149
143224863
537606285
701564527
434097047
172480428
434010278
119537904
63296695
64764988
100294499
47656346
544433221
593201090
102367060
63208446
67395226
91068376
59888349
550853768
393218616
409772688
79441407
103956014
401025017
403368197
802987239
905436304
141287854
444918292
311803524
770328380
787086674
508411544
152684921
39690341
543282276
532364524
45846278
755051569
769912579
717150579
741509670
740785662
712682864
518018171
521472123
906973050
521711522
171277312
25239967
378521041
67558314
454264144
124858165
63577815
426463828
512406544
916849757
721461724
453567840
363185684
441928572
561892798
133078157
319279584
408300490
601722282
643599960
318691520
473677569
322646247
490484019
522561494
418868433
431303617
123624567
632874137
806490514
91712078
316406352
157480732
512172340
321706000
608690707
717311210
817588916
117332513
498301084
575861389
476270151
376639409
87071180
330873510
392343488
33190804
95408587
93911073
91366994
98429856
51619824
1939948
12253087
7004446
25055056
8367923
48394262
7943616
33549608
21133637
415262416
725658540
13748181
125451500
412742557
120678315
438039240
102996781
6943857
6455948
9864645
431876326
93230949
7483386
29323185
373955762
51465598
33800227
33794787
33185245
32890810
7486273
1945108
59788008
387629561
608853751
106390384
10994451
200472
3559186
42646956
442754119
46467109
386645736
414736613
486519677
41302713
115047369
109272879
94571095
457776240
149463680
111037256
458902926
1525581
434664386
100840346
113634986
152857939
98266281
29236191
16483520
24075678
405461314
126017254
28773527
16281064
91876090
7406587
6870812
6860901
319060098
29278991
59944942
20068309
17307255
49037793
18091959
86291643
513723652
1941971
165672334
138853192
122688122
21736334
59617198
30267231
31761418
37291402
63131803
55107078
310692271
148496585
75637949
120813688
368783523
27868497
84835581
171967885
37254624
114036133
37262190
208316
433082361
6900285
26163861
87650141
48745572
88751837
96780046
501065535
545555144
171592743
80583945
13649252
7919898
7741285
45171358
3623174
30010872
65169247
32347547
110134072
79902332
19050663
12827697
46071229
77060608
2057405
9377043
17030541
6116475
113324480
102282057
39754467
29160147
49503043
48895951
601208698
562912184
4068296
16483731
34195590
42153432
7123360
479189597
22048590
170744395
15629476
26457594
44972665
66981210
60346483
68306703
80772820
11067840
18817207
31514762
832256448
955143882
316041559
53846939
76141423
1997357
160065334
91183240
24784778
492860339
611793301
492855445
961840597
96259892
156109135
137458610
37263373
142900922
374913174
415518553
104670468
797164359
27610668
21494045
448372545
3767905
42090723
48671785
180186
521684625
483632970
537132565
777980557
779387638
764729769
46481631
651468073
780432032
91671941
34821486
117460309
51406723
330493099
9804694
54481543
1214046
39948854
171709680
67514586
477792787
397169491
73828062
7701334
800186743
587468955
869865740
823375727
165581389
32545145
104698850
104673263
104737515
104644962
103838769
478576772
25724904
106965708
22350878
62795006
552433590
24962959
66657973
7803068
103785548
11596904
484649941
584836384
39867480
913164956
913189575
85487211
366225407
162545113
477239884
57661612
433519864
553615633
80709118
20051000
43959306
700786278
576729431
545463304
523906923
46833309
78416108
7051947
444655255
80115088
74362526
596906210
7012236
13942112
34303930
12388787
63933544
6948700
693598063
94584076
877827436
36507714
17608797
98256842
21351464
33275157
306919554
410789847
968897453
16674103
109328606
71368989
526320458
445912816
57016912
327805144
890414639
162011616
636832666
68323472
313957206
9202273
131587295
816537952
39087496
26903071
520172117
443875492
65576514
70892132
74565855
75182300
60498371
172440267
110208984
111007328
13060468
753856131
761475985
85106466
101978964
743217070
598754414
445948718
39126799
575514551
364661986
776382711
396630968
82507644
42262172
84083162
635197726
783300200
704472701
8634243
47439856
394968174
331585128
407685292
494179710
40011905
365818399
65579157
97747328
33557644
89190805
9764540
715535885
580538587
94000122
804567237
709435407
36299951
4222218
22156118
17316906
143856535
532065590
486555417
328258352
138192253
140553495
40063702
638804622
536019482
329732470
446142542
492196430
396577740
98423458
100269057
69372028
521902942
96153202
420564024
112607095
137948580
6780062
105578070
172915687
81934414
37635983
161512990
314519113
6930107
42788057
42304981
91599047
34221878
120490002
478618210
25421024
727799439
60378509
72104049
384206821
314766224
327439468
148237467
478840424
319157761
161002202
150741181
172861717
590732385
602444698
42388109
523180595
129442682
476302230
18951136
112296575
52457221
